,Survived,Age,Pclass,SibSp,Parch,Fare
Survived,1.0,-0.2,-0.289,-0.094,0.072,0.069
Age,-0.2,1.0,-0.333,-0.165,-0.078,-0.031
Pclass,-0.289,-0.333,1.0,0.071,0.082,-0.519
SibSp,-0.094,-0.165,0.071,1.0,0.357,0.15
Parch,0.072,-0.078,0.082,0.357,1.0,0.18
Fare,0.069,-0.031,-0.519,0.15,0.18,1.0
